491 559 189
305 72
278 216
385 15
435 156
484 366
286 256
488 69
171 98
407 482
104 244
70 469
420 93
484 149
54 148
462 58
423 326
25 208
28 81
348 450
384 160
352 261
192 343
486 322
248 232
465 122
120 353
267 426
252 266
9 12
107 260
385 75
161 436
367 463
166 338
72 356
117 419
200 45
179 243
1 478
267 272
56 467
412 354
26 303
387 484
372 254
217 158
172 124
350 173
356 30
250 75
172 192
426 349
472 362
406 445
337 123
75 174
76 238
8 406
264 458
356 259
49 447
73 447
381 362
5 181
233 36
193 302
143 365
385 103
307 202
413 168
81 449
269 293
55 96
400 82
288 162
338 337
19 117
135 298
341 180
50 427
241 388
93 192
353 420
152 379
282 398
458 258
67 278
118 489
433 30
38 67
337 287
91 121
189 344
87 408
227 186
306 346
25 169
196 307
227 308
446 387
363 372
33 313
120 71
17 333
61 312
245 44
317 217
463 116
352 76
362 182
328 375
56 94
116 128
484 64
484 317
194 357
444 410
429 343
344 162
143 416
201 116
449 151
142 292
107 76
297 428
348 440
424 394
192 446
101 373
385 223
98 130
180 245
19 123
64 108
73 99
218 354
302 188
409 95
184 442
187 233
31 263
159 358
276 418
90 369
353 162
86 105
252 472
449 32
434 478
241 46
385 71
365 342
284 238
115 358
386 417
355 179
134 241
70 424
236 178
11 108
449 263
491 335
66 454
275 146
389 51
221 357
354 3
136 377
489 383
298 86
467 143
266 331
259 123
79 111
18 88
181 481
163 43
353 297
312 441
221 44
398 248
288 219
300 248
112 103
280 258
117 17
262 193
224 88
227 119
77 94
42 32
490 315
93 71
407 140
370 139
399 351
11 329
17 60
251 436
184 242
202 211
370 121
177 426
477 28
148 177
450 233
312 407
442 438
260 449
219 232
317 216
64 421
102 39
3 411
422 226
336 172
444 317
292 219
154 308
290 231
490 276
243 296
413 226
421 168
314 72
97 225
326 190
144 226
385 110
279 308
95 368
252 110
303 328
87 287
240 166
62 196
491 63
471 323
69 151
221 198
373 459
281 326
246 311
107 311
454 218
89 260
251 226
60 127
133 147
248 220
300 488
98 99
370 201
176 192
202 386
168 96
337 296
14 21
70 287
239 85
373 119
102 233
121 185
121 139
174 60
233 123
20 440
491 266
317 436
251 4
490 298
40 88
471 212
314 285
77 316
54 315
250 470
48 339
377 437
350 283
34 41
180 169
361 88
312 226
456 291
86 39
221 58
187 476
8 65
22 370
287 364
229 152
398 95
298 149
309 222
328 23
486 454
74 40
93 450
396 84
469 290
63 317
161 418
474 194
319 374
298 67
256 460
109 472
155 258
419 309
477 120
113 214
65 155
284 33
163 440
130 128
422 73
242 338
67 441
282 33
454 172
109 15
221 169
69 2
288 40
366 464
264 200
85 273
59 112
425 98
290 409
476 328
75 239
198 284
380 429
476 57
279 336
65 301
80 413
44 203
318 337
305 142
159 360
354 367
180 201
250 194
289 304
464 344
477 400
442 182
151 361
416 376
138 441
423 389
300 222
10 437
180 5
125 427
235 297
290 285
246 46
181 287
60 403
183 148
277 305
31 172
491 413
5 86
146 156
208 160
482 479
93 122
32 482
60 368
220 92
134 401
26 479
476 462
175 212
468 275
20 94
191 409
287 130
382 247
86 276
375 85
20 420
314 25
189 219
445 372
186 422
285 296
187 213
47 180
148 430
248 239
177 198
211 105
385 180
320 121
425 435
220 55
352 149
454 248
203 34
123 332
378 446
213 455
419 488
291 112
253 124
400 12
285 368
335 127
47 293
113 402
8 376
307 294
460 337
47 298
24 244
382 320
178 228
443 163
140 26
221 170
34 417
366 156
167 309
347 326
392 275
187 185
258 374
101 429
353 70
302 372
167 427
149 339
244 421
298 415
59 110
373 432
288 111
302 427
258 412
123 165
314 440
167 290
158 159
247 228
168 129
360 455
264 236
262 108
347 124
394 328
41 264
277 239
320 48
347 254
122 476
191 18
439 249
260 241
7 48
363 106
129 250
217 14
227 382
216 416
387 209
47 169
335 426
181 3
68 380
234 425
471 149
258 307
139 37
281 396
92 470
358 58
228 405
273 97
355 297
372 229
398 73
179 466
87 337
448 221
111 428
418 363
419 347
175 476
184 9
453 408
391 194
348 328
420 4
146 39
339 21
351 126
460 6
411 378
39 294
3 132
212 138
277 12
300 224
120 83
281 197
400 445
146 489
90 10
472 364
77 244
9 161
216 59
480 309
9 265
354 401
491 171
104 468
70 222
20 141
363 53
383 123
154 377
171 17
253 52
309 241
4 170
193 12
295 186
81 45
424 440
32 443
238 130
397 442
73 309
472 343
175 133
159 71
308 67
367 173
379 7
13 311
237 377
268 219
153 343
102 329
108 50
391 367
129 382
338 159
162 240
293 397
54 18
324 278
