634 460 1
394 542
547 372
343 324
211 178
185 358
489 315
15 395
519 352
375 164
537 86
630 404
359 143
541 30
214 515
337 593
567 344
288 529
520 360
474 86
487 132
221 4
89 384
214 547
402 295
220 464
545 88
363 334
628 500
49 447
153 31
498 39
531 438
527 270
630 20
430 530
228 276
462 242
199 85
8 159
315 435
556 455
601 543
315 438
169 253
320 145
193 121
595 537
613 287
144 515
542 198
626 388
414 537
565 429
208 496
13 17
312 300
448 604
290 287
629 633
571 476
372 325
178 305
201 480
365 425
574 80
161 60
68 189
514 13
62 186
426 22
198 154
449 536
510 212
95 535
384 557
122 254
316 383
121 245
32 208
588 98
500 588
36 172
566 49
339 393
531 378
307 64
21 215
466 33
370 327
617 435
626 607
455 239
420 412
265 546
548 171
376 588
27 45
345 153
150 32
333 440
13 56
630 613
246 178
97 482
45 393
582 597
298 321
525 282
315 382
280 237
429 491
124 616
24 268
476 121
292 228
273 313
217 279
247 37
446 399
517 32
35 487
381 474
454 216
372 203
325 455
467 504
128 571
167 164
201 365
67 447
355 240
556 617
181 386
492 95
104 192
522 272
329 298
116 564
307 333
152 532
386 261
379 259
121 442
83 527
151 611
482 282
390 84
425 467
415 629
175 601
122 56
238 388
511 181
347 73
489 495
50 520
69 67
221 349
585 391
587 185
85 208
212 452
389 303
431 69
41 100
560 40
550 529
16 145
215 179
257 370
166 619
208 335
595 355
34 221
598 496
289 52
44 291
546 9
222 390
458 22
48 347
626 348
255 606
203 170
156 318
377 118
553 57
261 173
497 615
468 574
173 139
105 589
150 344
423 141
463 248
145 51
621 174
96 214
334 516
242 39
342 323
461 572
149 266
258 378
547 605
624 613
426 483
239 467
506 155
164 554
51 387
589 458
253 290
251 89
154 523
138 608
538 199
264 392
304 233
377 310
40 17
166 291
444 345
156 410
196 11
609 425
613 521
191 497
244 628
544 196
161 529
106 152
123 45
506 368
222 251
45 612
489 624
234 251
53 413
70 284
48 317
386 96
209 437
170 546
78 394
490 501
299 142
106 385
172 137
51 260
174 120
364 400
459 66
342 612
221 222
564 122
361 494
147 534
419 175
96 10
584 172
450 219
479 166
174 591
625 544
218 241
425 45
356 302
62 376
506 546
442 356
454 43
45 563
617 409
284 369
557 439
263 383
37 3
587 449
270 154
145 255
369 597
328 425
345 601
542 178
369 559
80 375
528 323
375 364
162 319
548 216
276 574
26 540
483 497
6 417
288 618
580 279
6 316
106 530
418 152
217 358
373 476
518 68
466 363
13 196
135 182
445 36
362 425
484 557
193 409
469 417
230 291
166 558
379 271
254 505
321 543
80 386
569 140
473 234
354 347
339 341
230 601
359 185
476 433
21 323
601 449
197 29
528 420
204 214
561 227
477 370
139 264
65 502
204 251
361 443
459 527
166 124
331 586
194 133
230 158
9 62
135 453
236 358
632 121
488 480
9 439
41 439
508 451
521 253
16 209
476 136
525 28
112 295
624 493
452 231
107 297
35 221
390 467
185 129
286 332
586 196
23 243
194 631
443 2
66 361
237 542
589 512
498 252
170 496
600 66
285 469
6 420
254 245
415 88
406 197
333 321
27 326
291 606
403 577
403 376
551 314
36 427
350 235
137 199
596 65
110 430
157 27
482 34
108 51
31 503
607 596
504 64
535 401
25 496
452 516
437 387
150 548
280 439
474 169
61 183
427 251
589 541
212 150
338 445
363 389
136 344
472 286
540 237
186 185
530 387
166 449
393 54
551 356
116 388
288 45
406 11
589 268
91 135
86 215
83 429
238 193
7 572
456 236
204 469
405 241
322 209
563 84
287 154
363 386
52 483
502 339
283 482
195 462
530 293
128 289
479 316
398 431
453 22
198 312
80 289
435 108
543 4
87 212
189 39
84 231
131 118
439 523
563 606
606 578
502 374
256 46
604 512
398 503
167 605
268 138
634 229
214 450
398 93
514 429
282 52
