31
4 2 1
1 2
3 4
10 6 1
1 3
3 2
7 5
10 8
4 3
9 10
4 2 3
1 3
2 4
5 2 2
1 2
3 4
7 5 3
1 2
3 4
1 3
5 6
7 5
5 2 3
1 2
3 4
5 2 4
1 2
3 4
5 2 5
3 2
1 4
1000 0 77
1000 0 1
1000 0 1000
77 0 34
77 0 2
64 0 64
3 3 3
1 2
3 2
3 1
3 3 1
1 2
3 2
3 1
10 11 5
1 2
3 4
2 4
4 5
5 1
3 2
3 5
6 7
9 8
10 8
9 10
10 11 3
1 2
3 4
2 4
4 5
5 1
3 2
3 5
6 7
9 8
10 8
9 10
10 11 4
1 2
3 4
2 4
4 5
5 1
3 2
3 5
6 7
9 8
10 8
9 10
1 0 1
2 0 1
2 0 2
2 1 2
1 2
2 1 1
1 2
1000 1000 1000
1 2
2 3
3 4
4 5
5 6
6 7
7 8
8 9
9 10
10 11
11 12
12 13
13 14
14 15
15 16
16 17
17 18
18 19
19 20
20 21
21 22
22 23
23 24
24 25
25 26
26 27
27 28
28 29
29 30
30 31
31 32
32 33
33 34
34 35
35 36
36 37
37 38
38 39
39 40
40 41
41 42
42 43
43 44
44 45
45 46
46 47
47 48
48 49
49 50
50 51
51 52
52 53
53 54
54 55
55 56
56 57
57 58
58 59
59 60
60 61
61 62
62 63
63 64
64 65
65 66
66 67
67 68
68 69
69 70
70 71
71 72
72 73
73 74
74 75
75 76
76 77
77 78
78 79
79 80
80 81
81 82
82 83
83 84
84 85
85 86
86 87
87 88
88 89
89 90
90 91
91 92
92 93
93 94
94 95
95 96
96 97
97 98
98 99
99 100
100 101
101 102
102 103
103 104
104 105
105 106
106 107
107 108
108 109
109 110
110 111
111 112
112 113
113 114
114 115
115 116
116 117
117 118
118 119
119 120
120 121
121 122
122 123
123 124
124 125
125 126
126 127
127 128
128 129
129 130
130 131
131 132
132 133
133 134
134 135
135 136
136 137
137 138
138 139
139 140
140 141
141 142
142 143
143 144
144 145
145 146
146 147
147 148
148 149
149 150
150 151
151 152
152 153
153 154
154 155
155 156
156 157
157 158
158 159
159 160
160 161
161 162
162 163
163 164
164 165
165 166
166 167
167 168
168 169
169 170
170 171
171 172
172 173
173 174
174 175
175 176
176 177
177 178
178 179
179 180
180 181
181 182
182 183
183 184
184 185
185 186
186 187
187 188
188 189
189 190
190 191
191 192
192 193
193 194
194 195
195 196
196 197
197 198
198 199
199 200
200 201
201 202
202 203
203 204
204 205
205 206
206 207
207 208
208 209
209 210
210 211
211 212
212 213
213 214
214 215
215 216
216 217
217 218
218 219
219 220
220 221
221 222
222 223
223 224
224 225
225 226
226 227
227 228
228 229
229 230
230 231
231 232
232 233
233 234
234 235
235 236
236 237
237 238
238 239
239 240
240 241
241 242
242 243
243 244
244 245
245 246
246 247
247 248
248 249
249 250
250 251
251 252
252 253
253 254
254 255
255 256
256 257
257 258
258 259
259 260
260 261
261 262
262 263
263 264
264 265
265 266
266 267
267 268
268 269
269 270
270 271
271 272
272 273
273 274
274 275
275 276
276 277
277 278
278 279
279 280
280 281
281 282
282 283
283 284
284 285
285 286
286 287
287 288
288 289
289 290
290 291
291 292
292 293
293 294
294 295
295 296
296 297
297 298
298 299
299 300
300 301
301 302
302 303
303 304
304 305
305 306
306 307
307 308
308 309
309 310
310 311
311 312
312 313
313 314
314 315
315 316
316 317
317 318
318 319
319 320
320 321
321 322
322 323
323 324
324 325
325 326
326 327
327 328
328 329
329 330
330 331
331 332
332 333
333 334
334 335
335 336
336 337
337 338
338 339
339 340
340 341
341 342
342 343
343 344
344 345
345 346
346 347
347 348
348 349
349 350
350 351
351 352
352 353
353 354
354 355
355 356
356 357
357 358
358 359
359 360
360 361
361 362
362 363
363 364
364 365
365 366
366 367
367 368
368 369
369 370
370 371
371 372
372 373
373 374
374 375
375 376
376 377
377 378
378 379
379 380
380 381
381 382
382 383
383 384
384 385
385 386
386 387
387 388
388 389
389 390
390 391
391 392
392 393
393 394
394 395
395 396
396 397
397 398
398 399
399 400
400 401
401 402
402 403
403 404
404 405
405 406
406 407
407 408
408 409
409 410
410 411
411 412
412 413
413 414
414 415
415 416
416 417
417 418
418 419
419 420
420 421
421 422
422 423
423 424
424 425
425 426
426 427
427 428
428 429
429 430
430 431
431 432
432 433
433 434
434 435
435 436
436 437
437 438
438 439
439 440
440 441
441 442
442 443
443 444
444 445
445 446
446 447
447 448
448 449
449 450
450 451
451 452
452 453
453 454
454 455
455 456
456 457
457 458
458 459
459 460
460 461
461 462
462 463
463 464
464 465
465 466
466 467
467 468
468 469
469 470
470 471
471 472
472 473
473 474
474 475
475 476
476 477
477 478
478 479
479 480
480 481
481 482
482 483
483 484
484 485
485 486
486 487
487 488
488 489
489 490
490 491
491 492
492 493
493 494
494 495
495 496
496 497
497 498
498 499
499 500
500 501
501 502
502 503
503 504
504 505
505 506
506 507
507 508
508 509
509 510
510 511
511 512
512 513
513 514
514 515
515 516
516 517
517 518
518 519
519 520
520 521
521 522
522 523
523 524
524 525
525 526
526 527
527 528
528 529
529 530
530 531
531 532
532 533
533 534
534 535
535 536
536 537
537 538
538 539
539 540
540 541
541 542
542 543
543 544
544 545
545 546
546 547
547 548
548 549
549 550
550 551
551 552
552 553
553 554
554 555
555 556
556 557
557 558
558 559
559 560
560 561
561 562
562 563
563 564
564 565
565 566
566 567
567 568
568 569
569 570
570 571
571 572
572 573
573 574
574 575
575 576
576 577
577 578
578 579
579 580
580 581
581 582
582 583
583 584
584 585
585 586
586 587
587 588
588 589
589 590
590 591
591 592
592 593
593 594
594 595
595 596
596 597
597 598
598 599
599 600
600 601
601 602
602 603
603 604
604 605
605 606
606 607
607 608
608 609
609 610
610 611
611 612
612 613
613 614
614 615
615 616
616 617
617 618
618 619
619 620
620 621
621 622
622 623
623 624
624 625
625 626
626 627
627 628
628 629
629 630
630 631
631 632
632 633
633 634
634 635
635 636
636 637
637 638
638 639
639 640
640 641
641 642
642 643
643 644
644 645
645 646
646 647
647 648
648 649
649 650
650 651
651 652
652 653
653 654
654 655
655 656
656 657
657 658
658 659
659 660
660 661
661 662
662 663
663 664
664 665
665 666
666 667
667 668
668 669
669 670
670 671
671 672
672 673
673 674
674 675
675 676
676 677
677 678
678 679
679 680
680 681
681 682
682 683
683 684
684 685
685 686
686 687
687 688
688 689
689 690
690 691
691 692
692 693
693 694
694 695
695 696
696 697
697 698
698 699
699 700
700 701
701 702
702 703
703 704
704 705
705 706
706 707
707 708
708 709
709 710
710 711
711 712
712 713
713 714
714 715
715 716
716 717
717 718
718 719
719 720
720 721
721 722
722 723
723 724
724 725
725 726
726 727
727 728
728 729
729 730
730 731
731 732
732 733
733 734
734 735
735 736
736 737
737 738
738 739
739 740
740 741
741 742
742 743
743 744
744 745
745 746
746 747
747 748
748 749
749 750
750 751
751 752
752 753
753 754
754 755
755 756
756 757
757 758
758 759
759 760
760 761
761 762
762 763
763 764
764 765
765 766
766 767
767 768
768 769
769 770
770 771
771 772
772 773
773 774
774 775
775 776
776 777
777 778
778 779
779 780
780 781
781 782
782 783
783 784
784 785
785 786
786 787
787 788
788 789
789 790
790 791
791 792
792 793
793 794
794 795
795 796
796 797
797 798
798 799
799 800
800 801
801 802
802 803
803 804
804 805
805 806
806 807
807 808
808 809
809 810
810 811
811 812
812 813
813 814
814 815
815 816
816 817
817 818
818 819
819 820
820 821
821 822
822 823
823 824
824 825
825 826
826 827
827 828
828 829
829 830
830 831
831 832
832 833
833 834
834 835
835 836
836 837
837 838
838 839
839 840
840 841
841 842
842 843
843 844
844 845
845 846
846 847
847 848
848 849
849 850
850 851
851 852
852 853
853 854
854 855
855 856
856 857
857 858
858 859
859 860
860 861
861 862
862 863
863 864
864 865
865 866
866 867
867 868
868 869
869 870
870 871
871 872
872 873
873 874
874 875
875 876
876 877
877 878
878 879
879 880
880 881
881 882
882 883
883 884
884 885
885 886
886 887
887 888
888 889
889 890
890 891
891 892
892 893
893 894
894 895
895 896
896 897
897 898
898 899
899 900
900 901
901 902
902 903
903 904
904 905
905 906
906 907
907 908
908 909
909 910
910 911
911 912
912 913
913 914
914 915
915 916
916 917
917 918
918 919
919 920
920 921
921 922
922 923
923 924
924 925
925 926
926 927
927 928
928 929
929 930
930 931
931 932
932 933
933 934
934 935
935 936
936 937
937 938
938 939
939 940
940 941
941 942
942 943
943 944
944 945
945 946
946 947
947 948
948 949
949 950
950 951
951 952
952 953
953 954
954 955
955 956
956 957
957 958
958 959
959 960
960 961
961 962
962 963
963 964
964 965
965 966
966 967
967 968
968 969
969 970
970 971
971 972
972 973
973 974
974 975
975 976
976 977
977 978
978 979
979 980
980 981
981 982
982 983
983 984
984 985
985 986
986 987
987 988
988 989
989 990
990 991
991 992
992 993
993 994
994 995
995 996
996 997
997 998
998 999
999 1000
64 89
411 2 41
180 284
225 63
338 136 174
16 33
321 131
59 314
100 197
112 71
335 15
78 333
157 269
7 187
296 266
158 203
218 206
329 178
13 266
49 139
1 235
102 256
321 337
299 197
223 267
172 224
45 28
336 238
255 333
204 7
277 26
88 295
29 241
228 311
256 224
235 142
1 123
187 233
301 77
38 1
136 304
187 219
329 47
196 8
331 317
156 259
98 290
19 216
32 42
72 204
23 280
268 258
302 283
327 35
96 101
99 293
185 158
169 36
302 156
320 164
264 291
38 225
239 212
198 229
2 220
172 177
157 90
198 309
248 201
106 119
275 49
103 42
51 33
66 192
81 315
310 283
318 189
256 299
49 320
336 235
264 87
225 302
223 322
116 256
38 286
235 94
287 54
332 123
25 239
208 185
134 289
90 164
246 258
52 118
328 99
174 281
322 155
144 239
272 269
231 51
216 335
188 277
75 67
313 156
18 23
146 78
45 14
23 64
176 244
254 160
246 67
121 141
265 326
286 187
312 279
11 251
228 112
319 293
80 272
171 155
334 190
280 125
55 29
96 4
226 10
20 47
100 201
300 332
236 201
82 218
214 202
120 18
110 11
335 119
314 240
57 235
165 76
187 154
336 319
211 173
197 245
278 921 52
127 2
145 262
114 107
31 26
252 33
220 185
94 190
170 168
162 264
52 188
1 68
38 274
200 171
52 35
173 48
160 159
179 232
276 145
35 255
149 55
193 142
117 65
7 234
276 162
5 75
77 65
80 274
246 192
205 272
48 55
248 54
208 118
12 167
23 102
210 17
208 16
66 255
276 212
36 110
192 62
217 266
139 192
191 35
249 122
232 53
56 170
254 242
268 115
255 224
59 210
141 156
239 187
160 176
57 46
246 241
243 54
80 151
203 276
14 93
77 41
259 100
215 53
97 113
238 254
149 176
223 274
261 235
159 251
57 233
204 215
268 37
2 273
105 216
154 77
206 256
123 118
228 80
173 39
133 165
178 199
11 167
215 85
98 136
190 189
274 226
220 228
255 116
133 186
76 115
256 260
46 112
220 243
65 237
114 183
223 252
234 261
154 130
86 22
126 251
254 121
96 114
269 48
247 150
125 261
236 74
278 253
152 84
169 194
41 157
185 217
240 248
76 43
158 111
240 55
65 70
255 232
193 215
78 90
164 121
262 97
30 125
96 63
261 65
70 140
90 123
272 141
94 221
71 217
150 102
117 219
38 184
166 197
30 85
144 173
140 245
57 235
258 263
69 227
144 54
151 111
40 23
128 45
103 122
32 204
215 223
1 25
123 180
172 76
75 251
217 212
94 143
87 148
20 106
112 152
27 38
125 88
176 9
120 276
48 92
247 86
149 144
121 186
261 226
62 158
178 110
94 141
210 20
4 189
112 9
212 145
249 221
275 163
220 99
100 10
235 19
88 90
116 236
94 227
221 215
71 48
247 83
186 195
89 252
234 278
111 41
192 177
159 202
113 216
36 137
21 64
129 261
17 143
269 19
114 61
200 99
127 45
160 210
224 131
128 47
246 124
93 102
138 176
160 213
137 100
56 216
123 226
52 49
150 15
106 10
278 83
24 216
247 204
59 158
75 159
9 256
74 229
78 260
187 18
28 187
237 207
22 72
248 14
119 47
124 112
5 175
81 138
224 195
277 259
101 38
71 93
167 240
102 13
149 158
24 116
240 160
165 260
119 257
134 130
64 123
264 40
105 59
277 146
155 257
61 2
273 55
27 167
118 40
264 154
255 17
164 168
259 124
171 276
102 46
165 208
128 271
268 49
233 94
97 265
76 234
271 178
98 110
144 6
46 206
43 39
105 234
208 150
140 6
55 212
262 254
189 230
117 162
39 16
226 125
185 102
259 31
159 207
190 66
245 150
83 151
162 256
198 222
247 203
111 250
266 225
204 44
90 198
276 11
117 164
44 227
206 23
16 52
228 95
14 114
101 98
48 177
90 28
142 46
220 80
3 205
222 160
75 239
182 167
254 135
98 89
266 145
154 150
72 218
61 262
137 126
125 51
93 54
67 72
127 148
249 148
204 107
148 178
151 23
222 189
122 153
13 257
117 228
160 185
34 149
40 176
174 161
263 223
96 132
113 122
91 252
181 152
179 28
67 6
10 191
246 65
204 26
20 232
182 106
74 73
76 31
38 106
118 153
145 136
267 102
51 4
176 215
91 269
246 249
169 124
48 29
263 85
105 239
87 182
150 60
238 160
204 212
76 1
107 23
92 21
43 113
121 131
93 169
168 108
209 200
89 135
67 236
100 250
71 137
178 161
52 61
161 107
114 135
16 199
214 74
27 184
133 7
214 82
47 260
88 103
274 30
251 43
94 68
94 91
209 147
155 208
18 173
225 30
150 33
188 24
225 237
107 19
178 59
62 264
162 268
225 142
90 278
224 133
41 230
43 80
52 145
137 75
109 133
56 20
261 15
242 208
149 23
80 40
157 251
230 264
59 168
52 268
234 232
184 272
158 179
198 253
190 188
140 200
261 273
52 260
222 228
33 178
271 5
166 178
161 200
199 151
192 180
116 235
88 57
221 214
65 253
57 60
124 277
185 245
21 112
191 172
143 260
113 59
262 127
244 160
69 34
259 54
102 108
235 204
92 50
33 184
276 12
95 124
14 128
141 6
22 151
208 245
182 114
23 270
96 225
249 202
65 230
69 62
120 111
68 92
204 14
186 76
270 236
83 226
201 167
56 242
11 14
273 101
115 5
123 194
243 14
107 100
60 138
70 216
136 173
49 192
187 207
175 25
40 38
23 238
208 237
140 46
220 165
51 223
216 276
82 179
259 237
7 149
175 64
98 26
143 97
203 272
238 236
171 142
231 268
165 170
233 250
22 104
144 202
249 244
75 245
262 36
33 147
250 103
125 219
142 127
230 33
66 75
62 262
103 260
58 171
156 81
78 213
36 173
175 85
31 42
32 240
271 74
87 264
57 146
35 14
116 194
81 260
42 144
195 113
5 112
95 112
223 129
209 45
65 243
138 249
206 208
181 78
11 126
140 258
158 143
218 233
21 278
136 221
27 189
265 179
46 262
77 63
134 271
74 263
109 143
22 231
169 254
111 33
39 80
155 115
55 258
66 194
210 71
123 153
137 21
99 48
203 21
61 17
142 5
237 96
170 85
163 69
48 69
109 68
271 170
178 14
225 185
170 232
55 107
12 126
252 21
49 18
243 67
178 227
3 47
32 263
61 1
54 4
71 203
249 1
115 111
149 62
252 111
222 192
269 65
118 65
21 272
252 2
231 237
211 104
241 123
48 121
227 207
73 198
245 54
268 39
210 148
136 229
196 109
198 208
120 76
89 265
249 175
134 151
204 190
257 62
270 188
189 267
203 51
154 247
92 101
78 104
191 253
174 220
47 225
68 155
58 6
260 122
198 132
6 97
1 273
2 120
120 247
87 89
268 188
241 57
4 257
142 162
162 133
223 50
68 5
125 270
235 244
33 191
110 58
94 224
17 170
212 67
123 246
154 275
249 206
25 161
198 75
170 9
37 180
46 115
2 90
98 21
69 247
211 94
238 118
14 27
45 70
164 162
26 193
58 101
210 158
39 108
106 251
119 232
161 160
42 85
95 100
167 263
170 55
38 242
60 77
246 109
29 271
136 130
49 134
52 227
210 153
24 97
209 141
36 127
212 127
115 16
275 108
193 67
163 162
174 219
78 210
22 234
104 12
29 116
278 273
120 189
115 119
97 60
102 144
123 255
23 145
102 133
59 190
14 239
40 17
221 173
148 142
199 113
100 32
135 123
1 118
266 111
209 30
73 164
243 241
48 3
9 165
29 130
241 41
261 156
272 91
256 35
12 26
70 106
224 65
196 224
209 98
132 163
224 69
208 67
24 94
252 263
220 68
38 253
150 57
67 37
44 125
220 204
191 115
105 26
149 21
197 11
48 176
81 87
110 15
61 195
78 39
263 52
18 40
101 223
245 274
129 228
5 222
204 75
150 126
19 257
114 130
112 59
16 205
121 184
46 98
209 17
211 219
143 160
47 197
83 185
71 196
278 275
91 64
257 245
161 72
252 144
149 35
9 124
225 83
8 145
235 250
137 26
180 42
57 190
101 266
153 46
166 94
183 151
254 75
168 39
182 77
201 185
209 191
116 240
262 176
218 265
95 150
270 235
184 118
125 181
153 6
72 190
19 41
115 38
25 26
61 231
141 197
201 262
185 250
197 21
236 199
259 219
150 256
166 184
147 39
277 37
273 8
99 241
79 217
13 96
177 9
35 110
248 80
123 253
215 55
106 95
135 19
196 169
120 169
206 2
139 160
94 7
94 250
43 144
152 276
213 31
56 16
184 68
48 116
184 213
225 261
153 166
37 10
184 165
105 198
265 92
221 192
197 57
276 186
76 276
173 101
127 190
51 29
4 42
246 116
133 30
241 48
241 133
277 176
74 76
66 264
43 259
41 113
61 259
106 35
1 144
43 168
29 76
176 4
214 110
182 265
197 118
272 229
181 100
26 3
186 51
11 113
153 246
38 8
188 86
110 239
139 90
124 71
158 6
88 215
84 263
257 156
268 164
52 266
61 230
257 98
140 33
31 254
217 253
277 58
232 261
152 132
20 174
37 188
243 62
268 78
38 261
189 51
6 189
230 19
76 213
72 275
95 137
110 6
129 171
102 1
204 223
38 69
226 225
193 90
149 133
126 262
132 277
9 181
161 188
56 200
108 262
54 176
166 113
257 233
95 206
13 171
275 241
227 236
205 23
208 235
105 175
155 51
169 106
532 29 176
134 256
229 223
100 360
191 106
307 399
290 421
124 186
287 460
90 223
305 346
379 238
239 121
368 315
394 281
404 349
212 32
121 18
494 529
82 160
88 460
402 503
469 219
382 397
142 108
179 404
379 277
515 215
70 378
386 93
491 559 189
305 72
278 216
385 15
435 156
484 366
286 256
488 69
171 98
407 482
104 244
70 469
420 93
484 149
54 148
462 58
423 326
25 208
28 81
348 450
384 160
352 261
192 343
486 322
248 232
465 122
120 353
267 426
252 266
9 12
107 260
385 75
161 436
367 463
166 338
72 356
117 419
200 45
179 243
1 478
267 272
56 467
412 354
26 303
387 484
372 254
217 158
172 124
350 173
356 30
250 75
172 192
426 349
472 362
406 445
337 123
75 174
76 238
8 406
264 458
356 259
49 447
73 447
381 362
5 181
233 36
193 302
143 365
385 103
307 202
413 168
81 449
269 293
55 96
400 82
288 162
338 337
19 117
135 298
341 180
50 427
241 388
93 192
353 420
152 379
282 398
458 258
67 278
118 489
433 30
38 67
337 287
91 121
189 344
87 408
227 186
306 346
25 169
196 307
227 308
446 387
363 372
33 313
120 71
17 333
61 312
245 44
317 217
463 116
352 76
362 182
328 375
56 94
116 128
484 64
484 317
194 357
444 410
429 343
344 162
143 416
201 116
449 151
142 292
107 76
297 428
348 440
424 394
192 446
101 373
385 223
98 130
180 245
19 123
64 108
73 99
218 354
302 188
409 95
184 442
187 233
31 263
159 358
276 418
90 369
353 162
86 105
252 472
449 32
434 478
241 46
385 71
365 342
284 238
115 358
386 417
355 179
134 241
70 424
236 178
11 108
449 263
491 335
66 454
275 146
389 51
221 357
354 3
136 377
489 383
298 86
467 143
266 331
259 123
79 111
18 88
181 481
163 43
353 297
312 441
221 44
398 248
288 219
300 248
112 103
280 258
117 17
262 193
224 88
227 119
77 94
42 32
490 315
93 71
407 140
370 139
399 351
11 329
17 60
251 436
184 242
202 211
370 121
177 426
477 28
148 177
450 233
312 407
442 438
260 449
219 232
317 216
64 421
102 39
3 411
422 226
336 172
444 317
292 219
154 308
290 231
490 276
243 296
413 226
421 168
314 72
97 225
326 190
144 226
385 110
279 308
95 368
252 110
303 328
87 287
240 166
62 196
491 63
471 323
69 151
221 198
373 459
281 326
246 311
107 311
454 218
89 260
251 226
60 127
133 147
248 220
300 488
98 99
370 201
176 192
202 386
168 96
337 296
14 21
70 287
239 85
373 119
102 233
121 185
121 139
174 60
233 123
20 440
491 266
317 436
251 4
490 298
40 88
471 212
314 285
77 316
54 315
250 470
48 339
377 437
350 283
34 41
180 169
361 88
312 226
456 291
86 39
221 58
187 476
8 65
22 370
287 364
229 152
398 95
298 149
309 222
328 23
486 454
74 40
93 450
396 84
469 290
63 317
161 418
474 194
319 374
298 67
256 460
109 472
155 258
419 309
477 120
113 214
65 155
284 33
163 440
130 128
422 73
242 338
67 441
282 33
454 172
109 15
221 169
69 2
288 40
366 464
264 200
85 273
59 112
425 98
290 409
476 328
75 239
198 284
380 429
476 57
279 336
65 301
80 413
44 203
318 337
305 142
159 360
354 367
180 201
250 194
289 304
464 344
477 400
442 182
151 361
416 376
138 441
423 389
300 222
10 437
180 5
125 427
235 297
290 285
246 46
181 287
60 403
183 148
277 305
31 172
491 413
5 86
146 156
208 160
482 479
93 122
32 482
60 368
220 92
134 401
26 479
476 462
175 212
468 275
20 94
191 409
287 130
382 247
86 276
375 85
20 420
314 25
189 219
445 372
186 422
285 296
187 213
47 180
148 430
248 239
177 198
211 105
385 180
320 121
425 435
220 55
352 149
454 248
203 34
123 332
378 446
213 455
419 488
291 112
253 124
400 12
285 368
335 127
47 293
113 402
8 376
307 294
460 337
47 298
24 244
382 320
178 228
443 163
140 26
221 170
34 417
366 156
167 309
347 326
392 275
187 185
258 374
101 429
353 70
302 372
167 427
149 339
244 421
298 415
59 110
373 432
288 111
302 427
258 412
123 165
314 440
167 290
158 159
247 228
168 129
360 455
264 236
262 108
347 124
394 328
41 264
277 239
320 48
347 254
122 476
191 18
439 249
260 241
7 48
363 106
129 250
217 14
227 382
216 416
387 209
47 169
335 426
181 3
68 380
234 425
471 149
258 307
139 37
281 396
92 470
358 58
228 405
273 97
355 297
372 229
398 73
179 466
87 337
448 221
111 428
418 363
419 347
175 476
184 9
453 408
391 194
348 328
420 4
146 39
339 21
351 126
460 6
411 378
39 294
3 132
212 138
277 12
300 224
120 83
281 197
400 445
146 489
90 10
472 364
77 244
9 161
216 59
480 309
9 265
354 401
491 171
104 468
70 222
20 141
363 53
383 123
154 377
171 17
253 52
309 241
4 170
193 12
295 186
81 45
424 440
32 443
238 130
397 442
73 309
472 343
175 133
159 71
308 67
367 173
379 7
13 311
237 377
268 219
153 343
102 329
108 50
391 367
129 382
338 159
162 240
293 397
54 18
324 278
634 460 1
394 542
547 372
343 324
211 178
185 358
489 315
15 395
519 352
375 164
537 86
630 404
359 143
541 30
214 515
337 593
567 344
288 529
520 360
474 86
487 132
221 4
89 384
214 547
402 295
220 464
545 88
363 334
628 500
49 447
153 31
498 39
531 438
527 270
630 20
430 530
228 276
462 242
199 85
8 159
315 435
556 455
601 543
315 438
169 253
320 145
193 121
595 537
613 287
144 515
542 198
626 388
414 537
565 429
208 496
13 17
312 300
448 604
290 287
629 633
571 476
372 325
178 305
201 480
365 425
574 80
161 60
68 189
514 13
62 186
426 22
198 154
449 536
510 212
95 535
384 557
122 254
316 383
121 245
32 208
588 98
500 588
36 172
566 49
339 393
531 378
307 64
21 215
466 33
370 327
617 435
626 607
455 239
420 412
265 546
548 171
376 588
27 45
345 153
150 32
333 440
13 56
630 613
246 178
97 482
45 393
582 597
298 321
525 282
315 382
280 237
429 491
124 616
24 268
476 121
292 228
273 313
217 279
247 37
446 399
517 32
35 487
381 474
454 216
372 203
325 455
467 504
128 571
167 164
201 365
67 447
355 240
556 617
181 386
492 95
104 192
522 272
329 298
116 564
307 333
152 532
386 261
379 259
121 442
83 527
151 611
482 282
390 84
425 467
415 629
175 601
122 56
238 388
511 181
347 73
489 495
50 520
69 67
221 349
585 391
587 185
85 208
212 452
389 303
431 69
41 100
560 40
550 529
16 145
215 179
257 370
166 619
208 335
595 355
34 221
598 496
289 52
44 291
546 9
222 390
458 22
48 347
626 348
255 606
203 170
156 318
377 118
553 57
261 173
497 615
468 574
173 139
105 589
150 344
423 141
463 248
145 51
621 174
96 214
334 516
242 39
342 323
461 572
149 266
258 378
547 605
624 613
426 483
239 467
506 155
164 554
51 387
589 458
253 290
251 89
154 523
138 608
538 199
264 392
304 233
377 310
40 17
166 291
444 345
156 410
196 11
609 425
613 521
191 497
244 628
544 196
161 529
106 152
123 45
506 368
222 251
45 612
489 624
234 251
53 413
70 284
48 317
386 96
209 437
170 546
78 394
490 501
299 142
106 385
172 137
51 260
174 120
364 400
459 66
342 612
221 222
564 122
361 494
147 534
419 175
96 10
584 172
450 219
479 166
174 591
625 544
218 241
425 45
356 302
62 376
506 546
442 356
454 43
45 563
617 409
284 369
557 439
263 383
37 3
587 449
270 154
145 255
369 597
328 425
345 601
542 178
369 559
80 375
528 323
375 364
162 319
548 216
276 574
26 540
483 497
6 417
288 618
580 279
6 316
106 530
418 152
217 358
373 476
518 68
466 363
13 196
135 182
445 36
362 425
484 557
193 409
469 417
230 291
166 558
379 271
254 505
321 543
80 386
569 140
473 234
354 347
339 341
230 601
359 185
476 433
21 323
601 449
197 29
528 420
204 214
561 227
477 370
139 264
65 502
204 251
361 443
459 527
166 124
331 586
194 133
230 158
9 62
135 453
236 358
632 121
488 480
9 439
41 439
508 451
521 253
16 209
476 136
525 28
112 295
624 493
452 231
107 297
35 221
390 467
185 129
286 332
586 196
23 243
194 631
443 2
66 361
237 542
589 512
498 252
170 496
600 66
285 469
6 420
254 245
415 88
406 197
333 321
27 326
291 606
403 577
403 376
551 314
36 427
350 235
137 199
596 65
110 430
157 27
482 34
108 51
31 503
607 596
504 64
535 401
25 496
452 516
437 387
150 548
280 439
474 169
61 183
427 251
589 541
212 150
338 445
363 389
136 344
472 286
540 237
186 185
530 387
166 449
393 54
551 356
116 388
288 45
406 11
589 268
91 135
86 215
83 429
238 193
7 572
456 236
204 469
405 241
322 209
563 84
287 154
363 386
52 483
502 339
283 482
195 462
530 293
128 289
479 316
398 431
453 22
198 312
80 289
435 108
543 4
87 212
189 39
84 231
131 118
439 523
563 606
606 578
502 374
256 46
604 512
398 503
167 605
268 138
634 229
214 450
398 93
514 429
282 52
