338 136 174
16 33
321 131
59 314
100 197
112 71
335 15
78 333
157 269
7 187
296 266
158 203
218 206
329 178
13 266
49 139
1 235
102 256
321 337
299 197
223 267
172 224
45 28
336 238
255 333
204 7
277 26
88 295
29 241
228 311
256 224
235 142
1 123
187 233
301 77
38 1
136 304
187 219
329 47
196 8
331 317
156 259
98 290
19 216
32 42
72 204
23 280
268 258
302 283
327 35
96 101
99 293
185 158
169 36
302 156
320 164
264 291
38 225
239 212
198 229
2 220
172 177
157 90
198 309
248 201
106 119
275 49
103 42
51 33
66 192
81 315
310 283
318 189
256 299
49 320
336 235
264 87
225 302
223 322
116 256
38 286
235 94
287 54
332 123
25 239
208 185
134 289
90 164
246 258
52 118
328 99
174 281
322 155
144 239
272 269
231 51
216 335
188 277
75 67
313 156
18 23
146 78
45 14
23 64
176 244
254 160
246 67
121 141
265 326
286 187
312 279
11 251
228 112
319 293
80 272
171 155
334 190
280 125
55 29
96 4
226 10
20 47
100 201
300 332
236 201
82 218
214 202
120 18
110 11
335 119
314 240
57 235
165 76
187 154
336 319
211 173
197 245
