278 921 52
127 2
145 262
114 107
31 26
252 33
220 185
94 190
170 168
162 264
52 188
1 68
38 274
200 171
52 35
173 48
160 159
179 232
276 145
35 255
149 55
193 142
117 65
7 234
276 162
5 75
77 65
80 274
246 192
205 272
48 55
248 54
208 118
12 167
23 102
210 17
208 16
66 255
276 212
36 110
192 62
217 266
139 192
191 35
249 122
232 53
56 170
254 242
268 115
255 224
59 210
141 156
239 187
160 176
57 46
246 241
243 54
80 151
203 276
14 93
77 41
259 100
215 53
97 113
238 254
149 176
223 274
261 235
159 251
57 233
204 215
268 37
2 273
105 216
154 77
206 256
123 118
228 80
173 39
133 165
178 199
11 167
215 85
98 136
190 189
274 226
220 228
255 116
133 186
76 115
256 260
46 112
220 243
65 237
114 183
223 252
234 261
154 130
86 22
126 251
254 121
96 114
269 48
247 150
125 261
236 74
278 253
152 84
169 194
41 157
185 217
240 248
76 43
158 111
240 55
65 70
255 232
193 215
78 90
164 121
262 97
30 125
96 63
261 65
70 140
90 123
272 141
94 221
71 217
150 102
117 219
38 184
166 197
30 85
144 173
140 245
57 235
258 263
69 227
144 54
151 111
40 23
128 45
103 122
32 204
215 223
1 25
123 180
172 76
75 251
217 212
94 143
87 148
20 106
112 152
27 38
125 88
176 9
120 276
48 92
247 86
149 144
121 186
261 226
62 158
178 110
94 141
210 20
4 189
112 9
212 145
249 221
275 163
220 99
100 10
235 19
88 90
116 236
94 227
221 215
71 48
247 83
186 195
89 252
234 278
111 41
192 177
159 202
113 216
36 137
21 64
129 261
17 143
269 19
114 61
200 99
127 45
160 210
224 131
128 47
246 124
93 102
138 176
160 213
137 100
56 216
123 226
52 49
150 15
106 10
278 83
24 216
247 204
59 158
75 159
9 256
74 229
78 260
187 18
28 187
237 207
22 72
248 14
119 47
124 112
5 175
81 138
224 195
277 259
101 38
71 93
167 240
102 13
149 158
24 116
240 160
165 260
119 257
134 130
64 123
264 40
105 59
277 146
155 257
61 2
273 55
27 167
118 40
264 154
255 17
164 168
259 124
171 276
102 46
165 208
128 271
268 49
233 94
97 265
76 234
271 178
98 110
144 6
46 206
43 39
105 234
208 150
140 6
55 212
262 254
189 230
117 162
39 16
226 125
185 102
259 31
159 207
190 66
245 150
83 151
162 256
198 222
247 203
111 250
266 225
204 44
90 198
276 11
117 164
44 227
206 23
16 52
228 95
14 114
101 98
48 177
90 28
142 46
220 80
3 205
222 160
75 239
182 167
254 135
98 89
266 145
154 150
72 218
61 262
137 126
125 51
93 54
67 72
127 148
249 148
204 107
148 178
151 23
222 189
122 153
13 257
117 228
160 185
34 149
40 176
174 161
263 223
96 132
113 122
91 252
181 152
179 28
67 6
10 191
246 65
204 26
20 232
182 106
74 73
76 31
38 106
118 153
145 136
267 102
51 4
176 215
91 269
246 249
169 124
48 29
263 85
105 239
87 182
150 60
238 160
204 212
76 1
107 23
92 21
43 113
121 131
93 169
168 108
209 200
89 135
67 236
100 250
71 137
178 161
52 61
161 107
114 135
16 199
214 74
27 184
133 7
214 82
47 260
88 103
274 30
251 43
94 68
94 91
209 147
155 208
18 173
225 30
150 33
188 24
225 237
107 19
178 59
62 264
162 268
225 142
90 278
224 133
41 230
43 80
52 145
137 75
109 133
56 20
261 15
242 208
149 23
80 40
157 251
230 264
59 168
52 268
234 232
184 272
158 179
198 253
190 188
140 200
261 273
52 260
222 228
33 178
271 5
166 178
161 200
199 151
192 180
116 235
88 57
221 214
65 253
57 60
124 277
185 245
21 112
191 172
143 260
113 59
262 127
244 160
69 34
259 54
102 108
235 204
92 50
33 184
276 12
95 124
14 128
141 6
22 151
208 245
182 114
23 270
96 225
249 202
65 230
69 62
120 111
68 92
204 14
186 76
270 236
83 226
201 167
56 242
11 14
273 101
115 5
123 194
243 14
107 100
60 138
70 216
136 173
49 192
187 207
175 25
40 38
23 238
208 237
140 46
220 165
51 223
216 276
82 179
259 237
7 149
175 64
98 26
143 97
203 272
238 236
171 142
231 268
165 170
233 250
22 104
144 202
249 244
75 245
262 36
33 147
250 103
125 219
142 127
230 33
66 75
62 262
103 260
58 171
156 81
78 213
36 173
175 85
31 42
32 240
271 74
87 264
57 146
35 14
116 194
81 260
42 144
195 113
5 112
95 112
223 129
209 45
65 243
138 249
206 208
181 78
11 126
140 258
158 143
218 233
21 278
136 221
27 189
265 179
46 262
77 63
134 271
74 263
109 143
22 231
169 254
111 33
39 80
155 115
55 258
66 194
210 71
123 153
137 21
99 48
203 21
61 17
142 5
237 96
170 85
163 69
48 69
109 68
271 170
178 14
225 185
170 232
55 107
12 126
252 21
49 18
243 67
178 227
3 47
32 263
61 1
54 4
71 203
249 1
115 111
149 62
252 111
222 192
269 65
118 65
21 272
252 2
231 237
211 104
241 123
48 121
227 207
73 198
245 54
268 39
210 148
136 229
196 109
198 208
120 76
89 265
249 175
134 151
204 190
257 62
270 188
189 267
203 51
154 247
92 101
78 104
191 253
174 220
47 225
68 155
58 6
260 122
198 132
6 97
1 273
2 120
120 247
87 89
268 188
241 57
4 257
142 162
162 133
223 50
68 5
125 270
235 244
33 191
110 58
94 224
17 170
212 67
123 246
154 275
249 206
25 161
198 75
170 9
37 180
46 115
2 90
98 21
69 247
211 94
238 118
14 27
45 70
164 162
26 193
58 101
210 158
39 108
106 251
119 232
161 160
42 85
95 100
167 263
170 55
38 242
60 77
246 109
29 271
136 130
49 134
52 227
210 153
24 97
209 141
36 127
212 127
115 16
275 108
193 67
163 162
174 219
78 210
22 234
104 12
29 116
278 273
120 189
115 119
97 60
102 144
123 255
23 145
102 133
59 190
14 239
40 17
221 173
148 142
199 113
100 32
135 123
1 118
266 111
209 30
73 164
243 241
48 3
9 165
29 130
241 41
261 156
272 91
256 35
12 26
70 106
224 65
196 224
209 98
132 163
224 69
208 67
24 94
252 263
220 68
38 253
150 57
67 37
44 125
220 204
191 115
105 26
149 21
197 11
48 176
81 87
110 15
61 195
78 39
263 52
18 40
101 223
245 274
129 228
5 222
204 75
150 126
19 257
114 130
112 59
16 205
121 184
46 98
209 17
211 219
143 160
47 197
83 185
71 196
278 275
91 64
257 245
161 72
252 144
149 35
9 124
225 83
8 145
235 250
137 26
180 42
57 190
101 266
153 46
166 94
183 151
254 75
168 39
182 77
201 185
209 191
116 240
262 176
218 265
95 150
270 235
184 118
125 181
153 6
72 190
19 41
115 38
25 26
61 231
141 197
201 262
185 250
197 21
236 199
259 219
150 256
166 184
147 39
277 37
273 8
99 241
79 217
13 96
177 9
35 110
248 80
123 253
215 55
106 95
135 19
196 169
120 169
206 2
139 160
94 7
94 250
43 144
152 276
213 31
56 16
184 68
48 116
184 213
225 261
153 166
37 10
184 165
105 198
265 92
221 192
197 57
276 186
76 276
173 101
127 190
51 29
4 42
246 116
133 30
241 48
241 133
277 176
74 76
66 264
43 259
41 113
61 259
106 35
1 144
43 168
29 76
176 4
214 110
182 265
197 118
272 229
181 100
26 3
186 51
11 113
153 246
38 8
188 86
110 239
139 90
124 71
158 6
88 215
84 263
257 156
268 164
52 266
61 230
257 98
140 33
31 254
217 253
277 58
232 261
152 132
20 174
37 188
243 62
268 78
38 261
189 51
6 189
230 19
76 213
72 275
95 137
110 6
129 171
102 1
204 223
38 69
226 225
193 90
149 133
126 262
132 277
9 181
161 188
56 200
108 262
54 176
166 113
257 233
95 206
13 171
275 241
227 236
205 23
208 235
105 175
155 51
169 106
